tcpack.py results:
24313.293766 20386.872244 44751.000000 0.000000
10.134324 1.179495 27.000000 0.000000
123946.718946 79771.873138 417664.000000 0.000000
0.000000 0.000000 0.000000 0.000000
0.000000 0.000000 0.000000 0.000000
0.000000 0.000000 0.000000 0.000000
9435804.061725 182068327.900616 3803486970.000000 0.000000
6688356.314137 141078432.045704 3803477254.000000 0.000000
194509.760147 163095.073827 358008.000000 0.000000
1.000000 0.000000 1.000000 0.000000
1.959106 2.142785 12.000000 0.000000
2452618462323036.500000 1826361562035985.750000 3812668923539559.000000 0.000000
2005.033389 2436.665078 16656.000000 0.000000
tcpin.py results:
1572122643.046654 -nan 1572122658.771114 0.000000
108.669519 96.325928 2055.000000 0.000000
12.727273 17.546712 303.000000 0.000000
3.797326 2.320357 43.000000 0.000000
91.149733 94.828909 2048.000000 0.000000
