tcpack.py results:
555.148148 190.700163 1200.000000 0.000000
10.000000 0.000000 10.000000 0.000000
181120.000000 0.000000 181120.000000 0.000000
0.000000 0.000000 0.000000 0.000000
0.000000 0.000000 0.000000 0.000000
0.000000 0.000000 0.000000 0.000000
1345384.384259 509323.964673 2118171.000000 0.000000
230961.629630 86291.623445 361527.000000 0.000000
4444.282407 1525.712675 9603.000000 0.000000
1.000000 0.000000 1.000000 0.000000
2.194444 2.054617 5.000000 0.000000
2075375923948868.500000 12602603400.040401 2075397486116083.000000 0.000000
2417.106481 2419.489343 5358.000000 0.000000
tcpin.py results:
