tcpack.py results:
598.658995 624.824755 5965.000000 0.000000
10.069047 0.992894 27.000000 0.000000
99836.993894 91536.616179 307456.000000 0.000000
0.000000 0.000000 0.000000 0.000000
0.000000 0.000000 0.000000 0.000000
0.000000 0.000000 0.000000 0.000000
27130595.908408 318038381.539740 3802668685.000000 0.000000
16776661.250352 246689905.937594 3802658969.000000 0.000000
4792.485674 4998.708691 47720.000000 0.000000
1.000000 0.000000 1.000000 0.000000
1.288398 1.590679 12.000000 0.000000
1847901916362159.500000 1905189713411234.750000 3812200923269599.000000 0.000000
1258.938938 2032.631809 16656.000000 0.000000
tcpin.py results:
1572122187.656235 69.791969 1572122213.979666 0.000000
223.249155 1751.597477 59797.000000 0.000000
28.271115 38.769197 163.000000 0.000000
4.575169 3.471568 44.000000 0.000000
189.423986 1750.198378 59774.000000 0.000000
