tcpack.py results:
1470.651810 1002.261381 7602.000000 0.000000
10.000000 0.000000 10.000000 0.000000
170645.918476 30879.684236 181120.000000 0.000000
0.000000 0.000000 0.000000 0.000000
0.000000 0.000000 0.000000 0.000000
0.000000 0.000000 0.000000 0.000000
1145548.580190 599969.990036 2506629.000000 0.000000
197376.011810 103096.280878 433083.000000 0.000000
11768.715429 8018.076899 60817.000000 0.000000
1.000000 0.000000 1.000000 0.000000
2.534476 2.331983 5.000000 0.000000
1063451038384577.250000 1037416559582915.250000 2075509863023918.000000 0.000000
2675.718476 2472.624684 5358.000000 0.000000
tcpin.py results:
