tcpack.py results:
2354.783066 5315.810789 43801.000000 0.000000
10.107028 1.010499 30.000000 0.000000
90189.702100 83030.582270 487552.000000 0.000000
0.009646 0.337514 15.000000 0.000000
0.000000 0.000000 0.000000 0.000000
0.000000 0.000000 0.000000 0.000000
6925884.909848 118329162.603298 2102235040.000000 0.000000
1096414.800537 44118087.959241 2102210056.000000 0.000000
18840.437741 42527.071122 350415.000000 0.000000
1.000000 0.000000 1.000000 0.000000
1.008457 1.309043 17.000000 0.000000
940141254125974.375000 1033194122724352.500000 2075628278665755.000000 0.000000
571.524173 1789.983286 30229.000000 0.000000
tcpin.py results:
1572122638.559826 91.320584 1572122670.302612 0.000000
646.827961 2026.963094 55262.000000 0.000000
3.660527 2.202370 32.000000 0.000000
5.125157 2.436775 28.000000 0.000000
637.039766 2027.046885 55255.000000 0.000000
