tcpack.py results:
31624.952718 18150.480553 44751.000000 0.000000
10.000000 0.000000 10.000000 0.000000
206656.245706 77511.319561 568832.000000 0.000000
0.000000 0.000000 0.000000 0.000000
0.000000 0.000000 0.000000 0.000000
0.000000 0.000000 0.000000 0.000000
484211.768236 1734703.638416 17890799.000000 0.000000
22676525.916751 205654549.735713 2102235040.000000 0.000000
253003.115175 145203.843458 358008.000000 0.000000
1.000000 0.000000 1.000000 0.000000
0.493231 0.499954 1.000000 0.000000
3812643476207624.500000 11684674791.556246 3812668864521872.000000 0.000000
342.740150 415.071362 861.000000 0.000000
tcpin.py results:
1572122643.133467 -nan 1572122658.771114 0.000000
117.404047 137.650100 3177.000000 0.000000
8.159805 15.446290 409.000000 0.000000
4.238660 1.716140 18.000000 0.000000
104.030007 136.414754 3172.000000 0.000000
