tcpack.py results:
931.631579 1174.978710 5888.000000 0.000000
13.421053 4.487594 20.000000 0.000000
49541.052632 10960.504702 61696.000000 0.000000
0.000000 0.000000 0.000000 0.000000
0.000000 0.000000 0.000000 0.000000
0.000000 0.000000 0.000000 0.000000
55357.631579 46549.215885 106689.000000 0.000000
10948.000000 5561.374622 17188.000000 0.000000
7455.526316 9399.843791 47106.000000 0.000000
1.000000 0.000000 1.000000 0.000000
5.210526 6.254085 19.000000 0.000000
1404615577691703.250000 1839073479182526.500000 3812547899604281.000000 0.000000
6013.947368 8849.602349 26372.000000 0.000000
tcpin.py results:
1572122531.246430 -nan 1572122558.925392 0.000000
130.615385 66.866731 292.000000 0.000000
9.461538 15.544553 62.000000 0.000000
3.846154 1.656974 8.000000 0.000000
116.692308 63.825947 285.000000 0.000000
