tcpack.py results:
1463.292619 2898.557666 29914.000000 0.000000
10.074939 0.863343 30.000000 0.000000
86887.646067 70479.912452 465536.000000 0.000000
0.012817 0.394304 15.000000 0.000000
0.000000 0.000000 0.000000 0.000000
0.000000 0.000000 0.000000 0.000000
8041818.001562 128257484.089336 2101990432.000000 0.000000
1273131.523359 48741155.962923 2101968224.000000 0.000000
11708.566578 23189.062317 239315.000000 0.000000
1.000000 0.000000 1.000000 0.000000
0.954708 1.229488 15.000000 0.000000
911245409953960.750000 1030004333848772.500000 2075516706870976.000000 0.000000
543.185529 1688.657258 30229.000000 0.000000
tcpin.py results:
1572122528.957078 43.185229 1572122558.926440 0.000000
429.811916 1170.382310 12878.000000 0.000000
4.043130 6.085387 241.000000 0.000000
5.381058 2.721588 31.000000 0.000000
419.401512 1170.466402 12867.000000 0.000000
