tcpack.py results:
670.500000 45.332108 749.000000 0.000000
10.000000 0.000000 10.000000 0.000000
61248.000000 169.328084 61696.000000 0.000000
0.000000 0.000000 0.000000 0.000000
0.000000 0.000000 0.000000 0.000000
0.000000 0.000000 0.000000 0.000000
106340.000000 127.019684 106536.000000 0.000000
16934.250000 104.718372 17052.000000 0.000000
5368.250000 362.714678 5996.000000 0.000000
1.000000 0.000000 1.000000 0.000000
1.000000 0.000000 1.000000 0.000000
3812179891300890.000000 15187300837.067581 3812202368883381.000000 0.000000
17.000000 0.000000 17.000000 0.000000
tcpin.py results:
1572122190.917142 -nan 1572122213.394727 0.000000
140.625000 35.170789 172.000000 0.000000
4.500000 0.707107 5.000000 0.000000
5.875000 1.165922 7.000000 0.000000
129.375000 33.626394 159.000000 0.000000
