tcpack.py results:
1290.623403 2668.677341 15837.000000 0.000000
10.076903 0.935656 30.000000 0.000000
85456.143417 71369.814914 465536.000000 0.000000
0.043178 0.728937 15.000000 0.000000
0.000000 0.000000 0.000000 0.000000
0.000000 0.000000 0.000000 0.000000
26517580.711378 233436219.879819 2101266347.000000 0.000000
4052513.426759 88727899.691382 2101242751.000000 0.000000
10327.271078 21349.978855 126703.000000 0.000000
1.000000 0.000000 1.000000 0.000000
0.918753 1.200213 14.000000 0.000000
1042338122089730.875000 1037554151362225.500000 2075159836627701.000000 0.000000
588.964827 2006.935105 30228.000000 0.000000
tcpin.py results:
1572122179.085310 56.418213 1572122213.395893 0.000000
378.367303 1105.756852 15014.000000 0.000000
4.025152 3.357723 69.000000 0.000000
5.717693 3.183000 28.000000 0.000000
367.642671 1105.814579 15003.000000 0.000000
