tcpack.py results:
2838.020794 4809.249776 22621.000000 0.000000
10.000000 0.000000 10.000000 0.000000
198913.209830 36312.364822 283904.000000 0.000000
0.000000 0.000000 0.000000 0.000000
0.000000 0.000000 0.000000 0.000000
0.000000 0.000000 0.000000 0.000000
577585.551355 2855189.841841 17882575.000000 0.000000
56828204.750473 336822752.157813 2101244139.000000 0.000000
22707.679269 38474.216322 180973.000000 0.000000
1.000000 0.000000 1.000000 0.000000
0.509137 0.502431 2.000000 0.000000
3812174481774687.000000 11930771426.110044 3812201111157436.000000 0.000000
196.149338 338.781935 861.000000 0.000000
tcpin.py results:
1572122187.918032 -nan 1572122214.165983 0.000000
1948.715059 41378.983176 1002652.000000 0.000000
9.001803 11.854239 84.000000 0.000000
4.244364 1.681807 18.000000 0.000000
1934.471596 41379.218293 1002645.000000 0.000000
