tcpack.py results:
916.136364 1139.994868 6107.000000 0.000000
13.454545 4.589784 21.000000 0.000000
52216.727273 10271.314310 61696.000000 0.000000
0.000000 0.000000 0.000000 0.000000
0.000000 0.000000 0.000000 0.000000
0.000000 0.000000 0.000000 0.000000
66025.272727 44737.790479 106740.000000 0.000000
12305.954545 5243.719408 17165.000000 0.000000
7332.045455 9120.946763 48863.000000 0.000000
1.000000 0.000000 1.000000 0.000000
5.772727 6.768455 19.000000 0.000000
1733024633897410.500000 1898433361377376.500000 3812669653761621.000000 0.000000
6829.454545 9712.923831 26372.000000 0.000000
tcpin.py results:
1572122654.178758 22.627417 1572122662.794891 0.000000
156.500000 33.365401 187.000000 0.000000
4.500000 0.500000 5.000000 0.000000
6.500000 1.118034 8.000000 0.000000
144.250000 32.383445 175.000000 0.000000
