tcpack.py results:
1058.469672 2421.209835 15102.000000 0.000000
10.207930 1.544694 30.000000 0.000000
75600.430493 76644.628996 465536.000000 0.000000
0.104319 1.072308 15.000000 0.000000
0.000000 0.000000 0.000000 0.000000
0.000000 0.000000 0.000000 0.000000
75124887.230352 389323031.897052 2101776059.000000 0.000000
11596730.190229 150936279.731117 2101756627.000000 0.000000
8469.864763 19370.288188 120822.000000 0.000000
1.000000 0.000000 1.000000 0.000000
1.000472 1.608627 15.000000 0.000000
980134981278615.375000 1036090808403246.250000 2075404706867487.000000 0.000000
772.760916 3062.607154 30228.000000 0.000000
tcpin.py results:
1572122433.033062 47.761554 1572122460.132154 0.000000
320.661349 1084.828441 22845.000000 0.000000
4.980421 5.165602 89.000000 0.000000
7.172589 4.394350 39.000000 0.000000
307.486584 1085.251168 22832.000000 0.000000
