tcpack.py results:
717.428571 78.561818 852.000000 0.000000
10.000000 0.000000 10.000000 0.000000
61257.142857 179.162678 61696.000000 0.000000
0.000000 0.000000 0.000000 0.000000
0.000000 0.000000 0.000000 0.000000
0.000000 0.000000 0.000000 0.000000
106326.571429 246.926743 106638.000000 0.000000
16917.428571 220.699445 17154.000000 0.000000
5743.285714 627.609459 6820.000000 0.000000
1.000000 0.000000 1.000000 0.000000
1.000000 0.000000 1.000000 0.000000
3812420213871879.000000 12221396197.371143 3812442371388809.000000 0.000000
17.000000 0.000000 17.000000 0.000000
tcpin.py results:
1572122431.239710 17.104719 1572122453.397227 0.000000
146.714286 15.516943 166.000000 0.000000
5.142857 3.270149 13.000000 0.000000
5.571429 0.728431 7.000000 0.000000
135.142857 17.923875 157.000000 0.000000
