tcpack.py results:
25224.218211 20515.358931 44836.000000 0.000000
10.000000 0.000000 10.000000 0.000000
194215.398991 36226.915752 331136.000000 0.000000
0.000000 0.000000 0.000000 0.000000
0.000000 0.000000 0.000000 0.000000
0.000000 0.000000 0.000000 0.000000
326517.398726 1799834.578573 17888743.000000 0.000000
23042901.903902 212482982.582729 2101979328.000000 0.000000
201797.232546 164122.855904 358692.000000 0.000000
1.000000 0.000000 1.000000 0.000000
0.486860 0.499827 1.000000 0.000000
2546418353649554.000000 1795558787169512.750000 3812556419400519.000000 0.000000
302.771702 402.267740 861.000000 0.000000
tcpin.py results:
1572122534.875295 -nan 1572122544.912314 0.000000
125.257511 267.441461 6638.000000 0.000000
8.802575 12.436549 170.000000 0.000000
4.057225 1.684190 27.000000 0.000000
111.382690 265.720550 6587.000000 0.000000
