tcpack.py results:
4225.781591 5907.405192 21327.000000 0.000000
10.000000 0.000000 10.000000 0.000000
201468.405616 37469.329076 283904.000000 0.000000
0.000000 0.000000 0.000000 0.000000
0.000000 0.000000 0.000000 0.000000
0.000000 0.000000 0.000000 0.000000
1359566.865835 4596180.792387 17886944.000000 0.000000
151964249.762871 541738639.146940 2101759403.000000 0.000000
33809.680187 47259.135370 170618.000000 0.000000
1.000000 0.000000 1.000000 0.000000
0.541342 0.498288 1.000000 0.000000
3812420662862948.000000 12824596603.440052 3812443865199895.000000 0.000000
143.939158 283.057682 861.000000 0.000000
tcpin.py results:
1572122433.192366 -nan 1572122456.920171 0.000000
4758.078300 97728.598868 2068658.000000 0.000000
14.398210 88.452810 1858.000000 0.000000
4.217002 1.802280 16.000000 0.000000
4738.489933 97728.920421 2068646.000000 0.000000
