tcpack.py results:
2386.338283 4784.260627 24390.000000 0.000000
10.949420 4.901985 66.000000 0.000000
150257.121114 132774.936990 707456.000000 0.000000
1.806497 13.397688 120.000000 0.000000
0.000000 0.000000 0.000000 0.000000
0.000000 0.000000 0.000000 0.000000
599773914.540139 2417940289.869757 15525250009.000000 0.000000
487451055.616705 2031644106.799897 15525194385.000000 0.000000
19093.523898 38274.289745 195126.000000 0.000000
1.000000 0.000000 1.000000 0.000000
1.429698 3.206150 36.000000 0.000000
2577587667626665.500000 1784063290612750.500000 3812447081758514.000000 0.000000
1329.887703 4467.581714 49968.000000 0.000000
tcpin.py results:
1572122433.335284 -nan 1572122459.979640 0.000000
1999.075439 61236.781836 2068658.000000 0.000000
16.949123 60.149296 1858.000000 0.000000
7.557895 7.599699 62.000000 0.000000
1973.595614 61237.140138 2068646.000000 0.000000
