tcpack.py results:
4869.629954 4925.217843 23539.000000 0.000000
11.218369 4.065483 37.000000 0.000000
646993.252287 849760.468577 2881024.000000 0.000000
107.583079 289.712014 1104.000000 0.000000
0.000000 0.000000 0.000000 0.000000
0.000000 0.000000 0.000000 0.000000
1249712852.331936 1723163480.767546 7821736715.000000 0.000000
658591252.870046 1063846564.173576 4278371757.000000 0.000000
38960.333460 39401.892855 188313.000000 0.000000
1.000000 0.000000 1.000000 0.000000
1.857088 2.600672 19.000000 0.000000
3491432539392475.500000 1058821877500005.875000 3812561308346429.000000 0.000000
1473.927591 3655.536309 26372.000000 0.000000
tcpin.py results:
1572122541.696470 -nan 1572122571.320536 0.000000
154.664347 269.660212 6394.000000 0.000000
5.671306 3.020113 62.000000 0.000000
9.282655 4.407189 36.000000 0.000000
138.771949 269.678513 6365.000000 0.000000
