tcpack.py results:
4846.232986 4901.244625 23223.000000 0.000000
11.502002 4.743395 44.000000 0.000000
625008.084868 844804.550181 2881024.000000 0.000000
79.500801 252.314193 1104.000000 0.000000
0.000000 0.000000 0.000000 0.000000
0.000000 0.000000 0.000000 0.000000
1224110466.782226 1707307812.243091 7820873606.000000 0.000000
608032648.422338 1030561099.969612 4277876422.000000 0.000000
38773.164932 39210.153176 185784.000000 0.000000
1.000000 0.000000 1.000000 0.000000
1.944355 2.907932 22.000000 0.000000
3481238952592726.000000 1073744761770744.250000 3812448916100587.000000 0.000000
1631.277422 4080.962260 28974.000000 0.000000
tcpin.py results:
1572122432.796190 -nan 1572122459.596843 0.000000
145.186192 211.419294 2768.000000 0.000000
5.891213 3.682863 78.000000 0.000000
9.734833 5.325914 59.000000 0.000000
128.611402 211.633958 2755.000000 0.000000
