tcpack.py results:
1341.284514 2734.322968 15837.000000 0.000000
10.098059 1.009515 30.000000 0.000000
87063.988908 72788.159730 465536.000000 0.000000
0.049996 0.728687 15.000000 0.000000
0.000000 0.000000 0.000000 0.000000
0.000000 0.000000 0.000000 0.000000
38197085.330308 297732315.444999 3036003866.000000 0.000000
8655314.036299 101335600.506848 2101242751.000000 0.000000
10732.574490 21875.133544 126703.000000 0.000000
1.000000 0.000000 1.000000 0.000000
0.935720 1.246989 14.000000 0.000000
1055439027042716.375000 1037411200611957.875000 2075159836627701.000000 0.000000
610.650618 2059.766471 30228.000000 0.000000
tcpin.py results:
1572122179.065608 -nan 1572122213.395893 0.000000
371.964497 1092.385757 15014.000000 0.000000
4.098478 3.389485 69.000000 0.000000
6.123838 4.270974 48.000000 0.000000
360.762046 1092.548616 15003.000000 0.000000
