tcpack.py results:
1908.746539 4143.697141 27376.000000 0.000000
10.574629 4.034433 66.000000 0.000000
142566.354896 117409.111746 707456.000000 0.000000
1.275610 11.562927 120.000000 0.000000
0.000000 0.000000 0.000000 0.000000
0.000000 0.000000 0.000000 0.000000
353425207.913416 1941950775.883243 15523653372.000000 0.000000
261858483.577649 1586062905.805521 15523653372.000000 0.000000
15273.173169 33149.845523 219015.000000 0.000000
1.000000 0.000000 1.000000 0.000000
1.312107 2.695607 37.000000 0.000000
2486122626675056.000000 1815684603480667.250000 3812202398011125.000000 0.000000
1237.139693 3707.103887 50074.000000 0.000000
tcpin.py results:
1572122188.368109 -nan 1572122215.452893 0.000000
1098.994020 29567.399298 1002652.000000 0.000000
20.162833 32.370202 363.000000 0.000000
5.883165 5.697379 58.000000 0.000000
1071.951242 29567.916140 1002645.000000 0.000000
