tcpack.py results:
4798.663786 5071.986368 23522.000000 0.000000
11.389712 4.432110 38.000000 0.000000
612568.753086 837257.582907 2881024.000000 0.000000
73.243621 244.902271 1104.000000 0.000000
0.000000 0.000000 0.000000 0.000000
0.000000 0.000000 0.000000 0.000000
1164376462.235802 1618858540.030323 7818863400.000000 0.000000
585299055.200412 1013463770.810864 4276837609.000000 0.000000
38392.612757 40576.131347 188177.000000 0.000000
1.000000 0.000000 1.000000 0.000000
1.895062 2.749204 17.000000 0.000000
3473318131925655.500000 1084882316824032.625000 3812204202236300.000000 0.000000
1562.910700 3812.295002 23348.000000 0.000000
tcpin.py results:
1572122190.111475 -nan 1572122215.539706 0.000000
163.718865 258.631219 2587.000000 0.000000
5.719916 3.995118 74.000000 0.000000
9.464004 4.914577 50.000000 0.000000
147.589070 259.352535 2573.000000 0.000000
