tcpack.py results:
2365.041271 5318.981199 43801.000000 0.000000
10.112089 1.027608 30.000000 0.000000
90525.320125 83246.674670 487552.000000 0.000000
0.011245 0.339403 15.000000 0.000000
0.000000 0.000000 0.000000 0.000000
0.000000 0.000000 0.000000 0.000000
9755745.639331 149628609.442311 3037425695.000000 0.000000
2076391.407753 49684707.414484 2102210056.000000 0.000000
18922.507200 42552.435794 350415.000000 0.000000
1.000000 0.000000 1.000000 0.000000
1.011532 1.316225 17.000000 0.000000
943268228752070.500000 1033484923377676.375000 2075628278665755.000000 0.000000
575.973895 1801.201091 30229.000000 0.000000
tcpin.py results:
1572122638.546931 100.056539 1572122670.302612 0.000000
642.654628 2019.050765 55262.000000 0.000000
3.688667 2.248979 32.000000 0.000000
5.277709 3.075581 50.000000 0.000000
632.687007 2019.178587 55255.000000 0.000000
