tcpack.py results:
1190.868175 2655.505556 16809.000000 0.000000
10.262509 1.640348 30.000000 0.000000
79709.751885 80060.445152 465536.000000 0.000000
0.119945 1.062157 15.000000 0.000000
0.000000 0.000000 0.000000 0.000000
0.000000 0.000000 0.000000 0.000000
108733735.626228 497847207.919728 3036747004.000000 0.000000
21445386.730637 165012877.746156 2101756627.000000 0.000000
9529.090701 21244.611863 134479.000000 0.000000
1.000000 0.000000 1.000000 0.000000
1.039753 1.668225 15.000000 0.000000
1013270133779233.250000 1037400805126152.750000 2075404706867487.000000 0.000000
823.058716 3104.787858 30228.000000 0.000000
tcpin.py results:
1572122433.091950 82.291584 1572122460.132154 0.000000
309.511897 1051.288084 22845.000000 0.000000
5.112169 5.090513 89.000000 0.000000
8.317471 6.569129 51.000000 0.000000
295.059823 1051.899259 22832.000000 0.000000
