tcpack.py results:
4605.420753 4851.939125 24184.000000 0.000000
11.326872 4.449168 44.000000 0.000000
629533.077157 827970.911016 2881024.000000 0.000000
118.496009 305.089189 1104.000000 0.000000
0.000000 0.000000 0.000000 0.000000
0.000000 0.000000 0.000000 0.000000
1220543016.673128 1637082917.306369 7822574375.000000 0.000000
675909491.075637 1097503613.597693 4278842951.000000 0.000000
36846.637400 38815.574710 193476.000000 0.000000
1.000000 0.000000 1.000000 0.000000
1.875333 2.700923 19.000000 0.000000
3476450554448649.000000 1081097653857817.625000 3812672163331608.000000 0.000000
1511.017104 3782.522566 26372.000000 0.000000
tcpin.py results:
1572122648.365417 -nan 1572122681.843080 0.000000
156.206151 422.063343 9409.000000 0.000000
6.017456 5.534644 117.000000 0.000000
9.725686 4.874269 49.000000 0.000000
139.496259 422.120391 9392.000000 0.000000
