tcpack.py results:
1477.330616 2916.847577 29914.000000 0.000000
10.084109 0.899264 30.000000 0.000000
87396.581173 70919.659331 465536.000000 0.000000
0.015444 0.396755 15.000000 0.000000
0.000000 0.000000 0.000000 0.000000
0.000000 0.000000 0.000000 0.000000
13063131.821299 177099615.258874 3037104536.000000 0.000000
2665107.636432 55804883.259071 2101968224.000000 0.000000
11820.876800 23335.382730 239315.000000 0.000000
1.000000 0.000000 1.000000 0.000000
0.961391 1.246820 15.000000 0.000000
916017297470827.875000 1030579182395364.875000 2075516706870976.000000 0.000000
552.692254 1715.418751 30229.000000 0.000000
tcpin.py results:
1572122528.926676 30.361572 1572122558.926440 0.000000
426.273846 1164.170940 12878.000000 0.000000
4.059780 6.058973 241.000000 0.000000
5.534066 3.142066 32.000000 0.000000
415.693626 1164.300300 12867.000000 0.000000
