tcpack.py results:
18913.513611 20293.393106 44751.000000 0.000000
10.330852 2.739782 66.000000 0.000000
151996.359237 115824.044380 707456.000000 0.000000
0.468706 6.875975 120.000000 0.000000
0.000000 0.000000 0.000000 0.000000
0.000000 0.000000 0.000000 0.000000
152211693.419846 1249209770.566031 15526773088.000000 0.000000
119220808.871917 1039900542.800212 15526746716.000000 0.000000
151311.452536 162347.284544 358008.000000 0.000000
1.000000 0.000000 1.000000 0.000000
1.774081 2.517627 40.000000 0.000000
2656791333593945.000000 1752380814981076.250000 3812670549415664.000000 0.000000
1777.541415 3148.953047 54236.000000 0.000000
tcpin.py results:
1572122642.974796 -nan 1572122680.157696 0.000000
119.259101 149.656555 3697.000000 0.000000
12.351178 18.898603 409.000000 0.000000
4.343041 3.682485 58.000000 0.000000
101.563597 148.452835 3674.000000 0.000000
