tcpack.py results:
13015.593337 18503.882927 44836.000000 0.000000
10.384664 3.336719 66.000000 0.000000
131413.053917 105814.443133 707456.000000 0.000000
0.706511 8.579965 120.000000 0.000000
0.000000 0.000000 0.000000 0.000000
0.000000 0.000000 0.000000 0.000000
200351758.878306 1512391211.471920 15526048370.000000 0.000000
152129605.602620 1226637025.960848 15525992747.000000 0.000000
104128.107070 148031.149010 358692.000000 0.000000
1.000000 0.000000 1.000000 0.000000
1.474186 2.675497 40.000000 0.000000
1708959237502065.000000 1896017676255197.000000 3812558670417368.000000 0.000000
1470.085326 3456.737143 55520.000000 0.000000
tcpin.py results:
1572122534.619600 21.273402 1572122564.889753 0.000000
201.388002 301.986776 6638.000000 0.000000
21.632715 27.059554 170.000000 0.000000
4.448425 3.750591 47.000000 0.000000
174.277946 290.853380 6587.000000 0.000000
