tcpack.py results:
871.000000 1.000000 872.000000 0.000000
10.000000 0.000000 10.000000 0.000000
70400.000000 0.000000 70400.000000 0.000000
0.000000 0.000000 0.000000 0.000000
0.000000 0.000000 0.000000 0.000000
0.000000 0.000000 0.000000 0.000000
53010.500000 8.500000 53019.000000 0.000000
20637.500000 8.500000 20646.000000 0.000000
6970.500000 5.500000 6976.000000 0.000000
1.000000 0.000000 1.000000 0.000000
1.000000 0.000000 1.000000 0.000000
3812533862879334.000000 20000130382.160515 3812553863008871.000000 0.000000
17.000000 0.000000 17.000000 0.000000
tcpin.py results:
1572122524.888591 0.000000 1572122524.888591 0.000000
139.000000 0.000000 139.000000 0.000000
5.000000 0.000000 5.000000 0.000000
5.000000 0.000000 5.000000 0.000000
128.000000 0.000000 128.000000 0.000000
