tcpack.py results:
616.708763 903.368435 6057.000000 0.000000
10.252577 1.886774 27.000000 0.000000
94733.278351 96400.801953 307456.000000 0.000000
0.000000 0.000000 0.000000 0.000000
0.000000 0.000000 0.000000 0.000000
0.000000 0.000000 0.000000 0.000000
98682108.860825 602534806.136677 3803117417.000000 0.000000
60101388.817010 469129408.873494 3803107701.000000 0.000000
4936.337629 7227.279162 48459.000000 0.000000
1.000000 0.000000 1.000000 0.000000
1.221649 1.752714 12.000000 0.000000
1832522551940920.000000 1904779455535041.750000 3812446923337045.000000 0.000000
1055.625000 2311.290229 16656.000000 0.000000
tcpin.py results:
1572122432.567857 -nan 1572122459.979640 0.000000
189.908602 265.263588 3044.000000 0.000000
23.860215 35.975452 134.000000 0.000000
5.806452 5.307751 50.000000 0.000000
159.258065 249.865906 3035.000000 0.000000
