tcpack.py results:
1194.000000 39.000000 1233.000000 0.000000
10.000000 0.000000 10.000000 0.000000
70400.000000 0.000000 70400.000000 0.000000
0.000000 0.000000 0.000000 0.000000
0.000000 0.000000 0.000000 0.000000
0.000000 0.000000 0.000000 0.000000
52857.500000 8.500000 52866.000000 0.000000
20484.500000 8.500000 20493.000000 0.000000
9555.500000 312.500000 9868.000000 0.000000
1.000000 0.000000 1.000000 0.000000
1.000000 0.000000 1.000000 0.000000
3812173858966999.500000 20000411853.321632 3812193859362403.000000 0.000000
17.000000 0.000000 17.000000 0.000000
tcpin.py results:
1572122184.884806 0.000000 1572122204.885198 0.000000
153.000000 17.000000 170.000000 0.000000
5.000000 0.000000 5.000000 0.000000
6.500000 1.500000 8.000000 0.000000
140.500000 15.500000 156.000000 0.000000
