tcpack.py results:
633.291398 659.364927 6031.000000 0.000000
10.000000 0.000000 10.000000 0.000000
180939.561290 1355.436688 181120.000000 0.000000
0.000000 0.000000 0.000000 0.000000
0.000000 0.000000 0.000000 0.000000
0.000000 0.000000 0.000000 0.000000
1337872.332258 471876.685878 2018064.000000 0.000000
228930.035484 79668.162156 344307.000000 0.000000
5069.895699 5274.937287 48249.000000 0.000000
1.000000 0.000000 1.000000 0.000000
2.091398 1.918005 5.000000 0.000000
2075132227633535.000000 11743133700.428242 2075151517942980.000000 0.000000
2304.204301 2357.906458 5358.000000 0.000000
tcpin.py results:
