tcpack.py results:
896.000000 0.000000 896.000000 0.000000
10.000000 0.000000 10.000000 0.000000
70400.000000 0.000000 70400.000000 0.000000
0.000000 0.000000 0.000000 0.000000
0.000000 0.000000 0.000000 0.000000
0.000000 0.000000 0.000000 0.000000
52968.000000 0.000000 52968.000000 0.000000
20595.000000 0.000000 20595.000000 0.000000
7169.000000 0.000000 7169.000000 0.000000
1.000000 0.000000 1.000000 0.000000
1.000000 0.000000 1.000000 0.000000
3812433861844383.000000 0.000000 3812433861844383.000000 0.000000
17.000000 0.000000 17.000000 0.000000
tcpin.py results:
1572122444.887674 0.000000 1572122444.887674 0.000000
180.000000 0.000000 180.000000 0.000000
5.000000 0.000000 5.000000 0.000000
8.000000 0.000000 8.000000 0.000000
165.000000 0.000000 165.000000 0.000000
