ack results:
0.000000 0.000000 0.000000 0.000000
0.000000 0.000000 0.000000 0.000000
281.398389 712.635468 3166.000000 0.000000
10.000000 0.000000 10.000000 0.000000
38252.905998 33656.927842 180096.000000 0.000000
0.000000 0.000000 0.000000 0.000000
0.000000 0.000000 0.000000 0.000000
0.000000 0.000000 0.000000 0.000000
3863.719449 13494.670717 83251.000000 0.000000
2438.819942 8258.934161 51072.000000 0.000000
2252.700090 5701.748060 25335.000000 0.000000
1.000000 0.000000 1.000000 0.000000
0.958594 0.199226 1.000000 0.000000
597378718801709.875000 939674519789802.750000 2075509847445850.000000 0.000000
128.985116 162.832382 366.000000 0.000000
in results:
1572122528.981843 54.735102 1572122541.615180 0.000000
1045.364286 1911.908610 12878.000000 0.000000
4.690000 1.871489 17.000000 0.000000
4.431429 1.734403 17.000000 0.000000
1035.251429 1911.933956 12867.000000 0.000000
app results:
42683.942103 244718.128650 5764427.000000 0.000000
