tcpack.py results:
1470.833023 431.901248 3670.000000 0.000000
10.000000 0.000000 10.000000 0.000000
180370.098605 5932.558285 181120.000000 0.000000
0.000000 0.000000 0.000000 0.000000
0.000000 0.000000 0.000000 0.000000
0.000000 0.000000 0.000000 0.000000
2308294.090698 904833.280965 4086879.000000 0.000000
398265.791628 154347.279568 699927.000000 0.000000
11770.243721 3455.212175 29361.000000 0.000000
1.000000 0.000000 1.000000 0.000000
4.564186 0.833218 5.000000 0.000000
2075600684664564.500000 11532142035.209253 2075620545144846.000000 0.000000
4790.232558 887.227953 5358.000000 0.000000
tcpin.py results:
