tcpack.py results:
815.000000 0.000000 815.000000 0.000000
10.000000 0.000000 10.000000 0.000000
70400.000000 0.000000 70400.000000 0.000000
0.000000 0.000000 0.000000 0.000000
0.000000 0.000000 0.000000 0.000000
0.000000 0.000000 0.000000 0.000000
53053.000000 0.000000 53053.000000 0.000000
20680.000000 0.000000 20680.000000 0.000000
6523.000000 0.000000 6523.000000 0.000000
1.000000 0.000000 1.000000 0.000000
1.000000 0.000000 1.000000 0.000000
3812633863679165.000000 0.000000 3812633863679165.000000 0.000000
17.000000 0.000000 17.000000 0.000000
tcpin.py results:
1572122644.889521 0.000000 1572122644.889521 0.000000
148.000000 0.000000 148.000000 0.000000
4.000000 0.000000 4.000000 0.000000
5.000000 0.000000 5.000000 0.000000
137.000000 0.000000 137.000000 0.000000
