tcpack.py results:
17076.961248 20114.685702 44836.000000 0.000000
10.087498 0.945224 27.000000 0.000000
105412.219534 87547.863792 486528.000000 0.000000
0.000000 0.000000 0.000000 0.000000
0.000000 0.000000 0.000000 0.000000
0.000000 0.000000 0.000000 0.000000
13882445.921445 224804794.878926 3803302191.000000 0.000000
8660649.242679 174259777.311566 3803292475.000000 0.000000
136619.122041 160917.525985 358692.000000 0.000000
1.000000 0.000000 1.000000 0.000000
1.542346 2.049772 12.000000 0.000000
1116431269958805.250000 1734923438158179.750000 3812556923450713.000000 0.000000
1573.184990 2322.762571 16656.000000 0.000000
tcpin.py results:
1572122534.732120 57.227085 1572122564.889753 0.000000
214.160704 316.377607 6638.000000 0.000000
24.808631 28.999094 170.000000 0.000000
3.757524 2.055375 28.000000 0.000000
184.551959 302.808813 6587.000000 0.000000
