ack results:
0.000000 0.000000 0.000000 0.000000
0.000000 0.000000 0.000000 0.000000
194.307958 513.447297 2812.000000 0.000000
10.000000 0.000000 10.000000 0.000000
29454.837370 3828.574406 56960.000000 0.000000
0.000000 0.000000 0.000000 0.000000
0.000000 0.000000 0.000000 0.000000
0.000000 0.000000 0.000000 0.000000
434.050173 1302.780554 9883.000000 0.000000
337.006920 802.137430 6048.000000 0.000000
1555.839100 4108.173595 22496.000000 0.000000
1.000000 0.000000 1.000000 0.000000
0.979239 0.142584 1.000000 0.000000
617587366869533.500000 948846275001580.750000 2075397459751104.000000 0.000000
130.401384 163.079793 366.000000 0.000000
in results:
1572122432.330935 -nan 1572122453.227176 0.000000
1130.389513 2269.715377 22845.000000 0.000000
4.696629 1.850627 17.000000 0.000000
4.303371 1.563185 22.000000 0.000000
1120.337079 2269.323833 22832.000000 0.000000
app results:
548147.315315 1447616.929314 9811763.000000 0.000000
