ack results:
0.000000 0.000000 0.000000 0.000000
0.000000 0.000000 0.000000 0.000000
284.276736 718.412403 5097.000000 0.000000
10.000000 0.000000 10.000000 0.000000
40166.288295 38217.075913 180096.000000 0.000000
0.000000 0.000000 0.000000 0.000000
0.000000 0.000000 0.000000 0.000000
0.000000 0.000000 0.000000 0.000000
6135.065529 21788.503209 150780.000000 0.000000
3838.130445 13355.264658 92512.000000 0.000000
2275.655286 5748.035568 40783.000000 0.000000
1.000000 0.000000 1.000000 0.000000
0.985379 0.120032 1.000000 0.000000
613959021905228.625000 947303487140349.250000 2075620535072246.000000 0.000000
132.611881 163.641587 366.000000 0.000000
in results:
1572122638.605368 47.803667 1572122649.160832 0.000000
1545.617684 3239.135786 55262.000000 0.000000
4.516812 2.182382 32.000000 0.000000
4.188045 1.273646 17.000000 0.000000
1535.915318 3239.210919 55255.000000 0.000000
app results:
26826.997861 252336.798014 9348099.000000 0.000000
