ack results:
0.000000 0.000000 0.000000 0.000000
0.000000 0.000000 0.000000 0.000000
232.068252 608.313072 2886.000000 0.000000
10.000000 0.000000 10.000000 0.000000
30854.467635 9819.589059 112768.000000 0.000000
0.000000 0.000000 0.000000 0.000000
0.000000 0.000000 0.000000 0.000000
0.000000 0.000000 0.000000 0.000000
906.465434 3353.695843 28861.000000 0.000000
624.408190 2047.109760 17696.000000 0.000000
1858.007486 4867.170106 23091.000000 0.000000
1.000000 0.000000 1.000000 0.000000
0.958168 0.200205 1.000000 0.000000
600336401186510.625000 940941212545773.875000 2075151500333953.000000 0.000000
128.040070 162.561407 366.000000 0.000000
in results:
1572122179.155409 -nan 1572122199.163150 0.000000
1045.801948 1951.013975 15014.000000 0.000000
4.717532 2.375077 39.000000 0.000000
4.336039 1.327433 17.000000 0.000000
1035.756494 1950.865252 15003.000000 0.000000
app results:
173810.607639 829262.737190 9906986.000000 0.000000
